43001  1   2043121215       25500                  121230       25755                                                  
43001  1   2064121215       25500                  121230       25755                                                  
43001  1   2129121215       25500                  121230       25755                                                  
43001  1   2193121215       25500                  121230       25755                                                  
43001  1   2212121215       25500                  121230       25755                                                  
43001  1   2245121215       25500                  121230       25755                                                  
43001  1   2262121215       25500                  121230       25755                                                  
43001  1   2265121215       25500                  121230       25755                                                  
43001  1   2309121215       25500                  121230       25755                                                  
43001  1   2462121215       25500                  121230       25755                                                  
43001  1   2498121215       25500                  121230       25755                                                  
43001  1   2604121215       25500                  121230       25755                                                  
43001  1   3084121215       25500                  121230       25755                                                  
43001  1   3158121215       25500                  121230       25755                                                  
43001  1   3170121215       25500                  121230       25755                                                  
43001  1   3172121215       25500                  121230       25755                                                  
43001  1   3187121215       25500                  121230       25755                                                  
43001  1   3202121215       25500                  121230       25755                                                  
43001  1   3211121215       25500                  121230       25755                                                  
43001  1   3220121215       25500                  121230       25755                                                  
43001  1   3222121215       25500                  121230       25755                                                  
43001  1   3334121215       25500                  121230       25755                                                  
43001  1   3377121215       25500                  121230       25755                                                  
43001  1   3380121215       25500                  121230       25755                                                  
43001  1   3498121215       25500                  121230       25755                                                  
43001  1   3553121215       25500                  121230       25755                                                  
43001  1   3555121215       25500                  121230       25755                                                  
43001  1   3559121215       25500                  121230       25755                                                  
43001  1   3816121215       25500                  121230       25755                                                  
43001  1   3988121215       25500                  121230       25755                                                  
43001  1   3990121215       25500                  121230       25755                                                  
43001  1   4076121215       25500                  121230       25755                                                  
43001  1   4137121215       25500                  121230       25755                                                  
43001  1   4159121215       25500                  121230       25755                                                  
43001  1   4160121215       25500                  121230       25755                                                  
43001  1   4302121215       25500                  121230       25755                                                  
43001  1   4389121215       25500                  121230       25755                                                  
43001  1   4487121215       25500                  121230       25755                                                  
43001  1   4672121215       25500                  121230       25755                                                  
43001  1   4674121215       25500                  121230       25755                                                  
43001  1   4684121215       25500                  121230       25755                                                  
43001  1   4707121215       25500                  121230       25755                                                  
43001  1   4733121215       25500                  121230       25755                                                  
43001  1   4822121215       25500                  121230       25755                                                  
43001  1   5019121215       25500                  121230       25755                                                  
43001  1   5020121215       25500                  121230       25755                                                  
43001  1   5055121215       25500                  121230       25755                                                  
43001  1   5093121215       25500                  121230       25755                                                  
43001  1   5098121215       25500                  121230       25755                                                  
43001  1   5245121215       25500                  121230       25755                                                  
43001  1   5550121215       25500                  121230       25755                                                  
43001  1   5608121215       25500                  121230       25755                                                  
43001  1   5655121215       25500                  121230       25755                                                  
43001  1   5658121215       25500                  121230       25755                                                  
43001  1   5715121215       25500                  121230       25755                                                  
43001  1   5731121215       25500                  121230       25755                                                  
43001  1   5773121215       25500                  121230       25755                                                  
43001  1   5807121215       25500                  121230       25755                                                  
43001  1   5823121215       25500                  121230       25755                                                  
43001  1   5847121215       25500                  121230       25755                                                  
43001  1   5850121215       25500                  121230       25755                                                  
43001  1   6023121215       25500                  121230       25755                                                  
43001  1   6047121215       25500                  121230       25755                                                  
43001  1   6064121215       25500                  121230       25755                                                  
43001  1   6078121215       25500                  121230       25755                                                  
43001  1   6166121215       25500                  121230       25755                                                  
43001  1   6419121215       25500                  121230       25755                                                  
43001  1   6452121215       25500                  121230       25755                                                  
43001  1   1958121215       30500                  121230       30805                                                  
43001  1   1972121215       30500                  121230       30805                                                  
43001  1   2023121215       30500                  121230       30805                                                  
43001  1   2036121215       30500                  121230       30805                                                  
43001  1   2049121215       30500                  121230       30805                                                  
43001  1   2060121215       30500                  121230       30805                                                  
43001  1   2079121215       30500                  121230       30805                                                  
43001  1   2090121215       30500                  121230       30805                                                  
43001  1   2096121215       30500                  121230       30805                                                  
43001  1   2134121215       30500                  121230       30805                                                  
43001  1   2152121215       30500                  121230       30805                                                  
43001  1   2157121215       30500                  121230       30805                                                  
43001  1   2160121215       30500                  121230       30805                                                  
43001  1   2177121215       30500                  121230       30805                                                  
43001  1   2185121215       30500                  121230       30805                                                  
43001  1   2191121215       30500                  121230       30805                                                  
43001  1   2225121215       30500                  121230       30805                                                  
43001  1   2241121215       30500                  121230       30805                                                  
43001  1   2274121215       30500                  121230       30805                                                  
43001  1   2318121215       30500                  121230       30805                                                  
43001  1   2328121215       30500                  121230       30805                                                  
43001  1   2329121215       30500                  121230       30805                                                  
43001  1   2332121215       30500                  121230       30805                                                  
43001  1   2334121215       30500                  121230       30805                                                  
43001  1   2357121215       30500                  121230       30805                                                  
43001  1   2369121215       30500                  121230       30805                                                  
43001  1   2431121215       30500                  121230       30805                                                  
43001  1   2432121215       30500                  121230       30805                                                  
43001  1   2440121215       30500                  121230       30805                                                  
43001  1   2450121215       30500                  121230       30805                                                  
43001  1   2467121215       30500                  121230       30805                                                  
43001  1   2514121215       30500                  121230       30805                                                  
43001  1   2527121215       30500                  121230       30805                                                  
43001  1   2546121215       30500                  121230       30805                                                  
43001  1   2554121215       30500                  121230       30805                                                  
43001  1   2561121215       30500                  121230       30805                                                  
43001  1   2589121215       30500                  121230       30805                                                  
43001  1   2591121215       30500                  121230       30805                                                  
43001  1   2664121215       30500                  121230       30805                                                  
43001  1   2685121215       30500                  121230       30805                                                  
43001  1   2709121215       30500                  121230       30805                                                  
43001  1   2737121215       30500                  121230       30805                                                  
43001  1   2759121215       30500                  121230       30805                                                  
43001  1   2775121215       30500                  121230       30805                                                  
43001  1   2803121215       30500                  121230       30805                                                  
43001  1   3020121215       30500                  121230       30805                                                  
43001  1   3024121215       30500                  121230       30805                                                  
43001  1   3046121215       30500                  121230       30805                                                  
43001  1   3052121215       30500                  121230       30805                                                  
43001  1   3056121215       30500                  121230       30805                                                  
43001  1   3073121215       30500                  121230       30805                                                  
43001  1   3101121215       30500                  121230       30805                                                  
43001  1   3110121215       30500                  121230       30805                                                  
43001  1   3171121215       30500                  121230       30805                                                  
43001  1   3178121215       30500                  121230       30805                                                  
43001  1   3180121215       30500                  121230       30805                                                  
43001  1   3182121215       30500                  121230       30805                                                  
43001  1   3188121215       30500                  121230       30805                                                  
43001  1   3198121215       30500                  121230       30805                                                  
43001  1   3201121215       30500                  121230       30805                                                  
43001  1   3203121215       30500                  121230       30805                                                  
43001  1   3216121215       30500                  121230       30805                                                  
43001  1   3224121215       30500                  121230       30805                                                  
43001  1   3232121215       30500                  121230       30805                                                  
43001  1   3239121215       30500                  121230       30805                                                  
43001  1   3240121215       30500                  121230       30805                                                  
43001  1   3247121215       30500                  121230       30805                                                  
43001  1   3365121215       30500                  121230       30805                                                  
43001  1   3370121215       30500                  121230       30805                                                  
43001  1   3379121215       30500                  121230       30805                                                  
43001  1   3532121215       30500                  121230       30805                                                  
43001  1   3561121215       30500                  121230       30805                                                  
43001  1   3575121215       30500                  121230       30805                                                  
43001  1   3736121215       30500                  121230       30805                                                  
43001  1   3789121215       30500                  121230       30805                                                  
43001  1   3797121215       30500                  121230       30805                                                  
43001  1   3810121215       30500                  121230       30805                                                  
43001  1   3818121215       30500                  121230       30805                                                  
43001  1   3867121215       30500                  121230       30805                                                  
43001  1   3877121215       30500                  121230       30805                                                  
43001  1   3931121215       30500                  121230       30805                                                  
43001  1   3962121215       30500                  121230       30805                                                  
43001  1   3999121215       30500                  121230       30805                                                  
43001  1   4046121215       30500                  121230       30805                                                  
43001  1   4049121215       30500                  121230       30805                                                  
43001  1   4059121215       30500                  121230       30805                                                  
43001  1   4062121215       30500                  121230       30805                                                  
43001  1   4097121215       30500                  121230       30805                                                  
43001  1   4098121215       30500                  121230       30805                                                  
43001  1   4128121215       30500                  121230       30805                                                  
43001  1   4142121215       30500                  121230       30805                                                  
43001  1   4167121215       30500                  121230       30805                                                  
43001  1   4185121215       30500                  121230       30805                                                  
43001  1   4195121215       30500                  121230       30805                                                  
43001  1   4231121215       30500                  121230       30805                                                  
43001  1   4265121215       30500                  121230       30805                                                  
43001  1   4276121215       30500                  121230       30805                                                  
43001  1   4284121215       30500                  121230       30805                                                  
43001  1   4287121215       30500                  121230       30805                                                  
43001  1   4288121215       30500                  121230       30805                                                  
43001  1   4304121215       30500                  121230       30805                                                  
43001  1   4310121215       30500                  121230       30805                                                  
43001  1   4311121215       30500                  121230       30805                                                  
43001  1   4323121215       30500                  121230       30805                                                  
43001  1   4397121215       30500                  121230       30805                                                  
43001  1   4398121215       30500                  121230       30805                                                  
43001  1   4403121215       30500                  121230       30805                                                  
43001  1   4442121215       30500                  121230       30805                                                  
43001  1   4450121215       30500                  121230       30805                                                  
43001  1   4451121215       30500                  121230       30805                                                  
43001  1   4457121215       30500                  121230       30805                                                  
43001  1   4478121215       30500                  121230       30805                                                  
43001  1   4481121215       30500                  121230       30805                                                  
43001  1   4496121215       30500                  121230       30805                                                  
43001  1   4510121215       30500                  121230       30805                                                  
43001  1   4525121215       30500                  121230       30805                                                  
43001  1   4533121215       30500                  121230       30805                                                  
43001  1   4534121215       30500                  121230       30805                                                  
43001  1   4545121215       30500                  121230       30805                                                  
43001  1   4558121215       30500                  121230       30805                                                  
43001  1   4566121215       30500                  121230       30805                                                  
43001  1   4567121215       30500                  121230       30805                                                  
43001  1   4568121215       30500                  121230       30805                                                  
43001  1   4580121215       30500                  121230       30805                                                  
43001  1   4600121215       30500                  121230       30805                                                  
43001  1   4609121215       30500                  121230       30805                                                  
43001  1   4640121215       30500                  121230       30805                                                  
43001  1   4651121215       30500                  121230       30805                                                  
43001  1   4664121215       30500                  121230       30805                                                  
43001  1   4682121215       30500                  121230       30805                                                  
43001  1   4693121215       30500                  121230       30805                                                  
43001  1   4704121215       30500                  121230       30805                                                  
43001  1   4706121215       30500                  121230       30805                                                  
43001  1   4710121215       30500                  121230       30805                                                  
43001  1   4712121215       30500                  121230       30805                                                  
43001  1   4720121215       30500                  121230       30805                                                  
43001  1   4735121215       30500                  121230       30805                                                  
43001  1   4737121215       30500                  121230       30805                                                  
43001  1   4740121215       30500                  121230       30805                                                  
43001  1   4787121215       30500                  121230       30805                                                  
43001  1   4794121215       30500                  121230       30805                                                  
43001  1   4799121215       30500                  121230       30805                                                  
43001  1   4808121215       30500                  121230       30805                                                  
43001  1   4834121215       30500                  121230       30805                                                  
43001  1   4841121215       30500                  121230       30805                                                  
43001  1   4844121215       30500                  121230       30805                                                  
43001  1   4859121215       30500                  121230       30805                                                  
43001  1   4867121215       30500                  121230       30805                                                  
43001  1   4888121215       30500                  121230       30805                                                  
43001  1   4889121215       30500                  121230       30805                                                  
43001  1   4890121215       30500                  121230       30805                                                  
43001  1   4905121215       30500                  121230       30805                                                  
43001  1   4929121215       30500                  121230       30805                                                  
43001  1   4930121215       30500                  121230       30805                                                  
43001  1   4942121215       30500                  121230       30805                                                  
43001  1   4947121215       30500                  121230       30805                                                  
43001  1   4948121215       30500                  121230       30805                                                  
43001  1   4955121215       30500                  121230       30805                                                  
43001  1   4970121215       30500                  121230       30805                                                  
43001  1   4996121215       30500                  121230       30805                                                  
43001  1   5001121215       30500                  121230       30805                                                  
43001  1   5005121215       30500                  121230       30805                                                  
43001  1   5008121215       30500                  121230       30805                                                  
43001  1   5024121215       30500                  121230       30805                                                  
43001  1   5038121215       30500                  121230       30805                                                  
43001  1   5039121215       30500                  121230       30805                                                  
43001  1   5044121215       30500                  121230       30805                                                  
43001  1   5050121215       30500                  121230       30805                                                  
43001  1   5080121215       30500                  121230       30805                                                  
43001  1   5081121215       30500                  121230       30805                                                  
43001  1   5118121215       30500                  121230       30805                                                  
43001  1   5143121215       30500                  121230       30805                                                  
43001  1   5155121215       30500                  121230       30805                                                  
43001  1   5172121215       30500                  121230       30805                                                  
43001  1   5194121215       30500                  121230       30805                                                  
43001  1   5217121215       30500                  121230       30805                                                  
43001  1   5244121215       30500                  121230       30805                                                  
43001  1   5253121215       30500                  121230       30805                                                  
43001  1   5257121215       30500                  121230       30805                                                  
43001  1   5264121215       30500                  121230       30805                                                  
43001  1   5268121215       30500                  121230       30805                                                  
43001  1   5284121215       30500                  121230       30805                                                  
43001  1   5285121215       30500                  121230       30805                                                  
43001  1   5288121215       30500                  121230       30805                                                  
43001  1   5289121215       30500                  121230       30805                                                  
43001  1   5290121215       30500                  121230       30805                                                  
43001  1   5294121215       30500                  121230       30805                                                  
43001  1   5313121215       30500                  121230       30805                                                  
43001  1   5322121215       30500                  121230       30805                                                  
43001  1   5323121215       30500                  121230       30805                                                  
43001  1   5331121215       30500                  121230       30805                                                  
43001  1   5332121215       30500                  121230       30805                                                  
43001  1   5334121215       30500                  121230       30805                                                  
43001  1   5337121215       30500                  121230       30805                                                  
43001  1   5365121215       30500                  121230       30805                                                  
43001  1   5381121215       30500                  121230       30805                                                  
43001  1   5386121215       30500                  121230       30805                                                  
43001  1   5399121215       30500                  121230       30805                                                  
43001  1   5400121215       30500                  121230       30805                                                  
43001  1   5401121215       30500                  121230       30805                                                  
43001  1   5425121215       30500                  121230       30805                                                  
43001  1   5442121215       30500                  121230       30805                                                  
43001  1   5520121215       30500                  121230       30805                                                  
43001  1   5528121215       30500                  121230       30805                                                  
43001  1   5529121215       30500                  121230       30805                                                  
43001  1   5530121215       30500                  121230       30805                                                  
43001  1   5533121215       30500                  121230       30805                                                  
43001  1   5559121215       30500                  121230       30805                                                  
43001  1   5578121215       30500                  121230       30805                                                  
43001  1   5617121215       30500                  121230       30805                                                  
43001  1   5727121215       30500                  121230       30805                                                  
43001  1   5829121215       30500                  121230       30805                                                  
43001  1   2943121215       42000                  121230       42420                                                  
43001  1   3226121215       42000                  121230       42420                                                  
43001  1   3790121215       42000                  121230       42420                                                  
43001  1   3792121215       42000                  121230       42420                                                  
43001  2   5565121215        8960                  121230        8960                                                  
43001  2   4094121215        8960                  121230        8960                                                  
43001  2   5256121215        9247                  121230        9247                                                  
43001  2   5053121215        9307                  121230        9307                                                  
43001  2   2183121215        9483                  121230        9483                                                  
43001  2   5243121215        9714                  121230        9714                                                  
43001  2   2992121215       10119                  121230       10119                                                  
43001  2   4155121215       10525                  121230       10525                                                  
43001  3   4374121215       10584                  121230       10584                                                  
43001  2   5056121215       10608                  121230       10608                                                  
43001  2   4306121215       10994                  121230       10994                                                  
43001  3   4550121215       10994                  121230       10994                                                  
43001  3   4626121215       11048                  121230       11048                                                  
43001  2   5464121215       11560                  121230       11560                                                  
43001  2   5606121215       11644                  121230       11644                                                  
43001  2   3728121215       11730                  121230       11730                                                  
43001  3   3991121215       11746                  121230       11746                                                  
43001  2   4599121215       11813                  121230       11813                                                  
43001  2   3880121215       11942                  121230       11942                                                  
43001  2   1984121215       12013                  121230       12013                                                  
43001  2   5105121215       13299                  121230       13299                                                  
43001  3   2111121215       13514                  121230       13514                                                  
43001  3   5435121215       13689                  121230       13689                                                  
43001  2   3989121215       14201                  121230       14201                                                  
43001  2   4395121215       14316                  121230       14316                                                  
43001  2   4523121215       14743                  121230       14743                                                  
43001  2   3147121215       14792                  121230       14792                                                  
43001  2   4115121215       15728                  121230       15728                                                  
43001  3   3822121215       16680                  121230       16680                                                  
43001  3   2724121215       17196                  121230       17196                                                  
43001  2   5976121215       17454                  121230       17454                                                  
43001  2   3695121215       20073                  121230       20073                                                  
43001  2   4270121215       21506                  121230       21506                                                  
43001  2   5925121215       24118                  121230       24118                                                  
43001  3   3992121215       14888                  121230       14888                                                  
43001  3   3992121215       14792                  121230       14792                                                  
43001 12   3824121215       36376                  121230       36631                                                  
43001 12   5785121215       36728                  121230       36983                                                  
43001 12   3718121215       38691                  121230       38946                                                  
43001 12   4404121215       38788                  121230       39043                                                  
43001 12   4925121215       38788                  121230       39043                                                  
43001  4   3917121215       38871                  121230       38871                                                  
43001 12   5827121215       39225                  121230       39480                                                  
43001 12   4786121215       39516                  121230       39821                                                  
43001 12   5469121215       39690                  121230       39995                                                  
43001 12   3065121215       39690                  121230       39995                                                  
43001 12   3526121215       39747                  121230       40052                                                  
43001 12   4976121215       39747                  121230       40052                                                  
43001 12   2506121215       39863                  121230       40168                                                  
43001 12   4519121215       40037                  121230       40342                                                  
43001 12   3173121215       40214                  121230       40519                                                  
43001 12   3820121215       40214                  121230       40519                                                  
43001 12   4978121215       40214                  121230       40519                                                  
43001 12   5523121215       40619                  121230       40924                                                  
43001 12   3204121215       40681                  121230       40986                                                  
43001 12   4995121215       40735                  121230       41040                                                  
43001 12   5231121215       40968                  121230       41273                                                  
43001 12   4495121215       40991                  121230       41296                                                  
43001 12   5310121215       41038                  121230       41343                                                  
43001 12   5967121215       41111                  121230       41366                                                  
43001 12   3942121215       41217                  121230       41522                                                  
43001 12   4919121215       41217                  121230       41522                                                  
43001 12   3366121215       41322                  121230       41627                                                  
43001 12   4095121215       41322                  121230       41627                                                  
43001 12   2916121215       41548                  121230       41853                                                  
43001 12   2559121215       41723                  121230       42028                                                  
43001 12   4846121215       41787                  121230       42092                                                  
43001 12   3123121215       41890                  121230       42195                                                  
43001 13   2339121215       41900                  121230       42205                                                  
43001 13   4532121215       41900                  121230       42205                                                  
43001 12   3916121215       42015                  121230       42320                                                  
43001 12   2649121215       42190                  121230       42495                                                  
43001 12   4384121215       42246                  121230       42551                                                  
43001 12   5468121215       42311                  121230       42616                                                  
43001 12   5724121215       42368                  121230       42623                                                  
43001 12   3381121215       42375                  121230       42680                                                  
43001 12   3776121215       42442                  121230       42747                                                  
43001 12   4358121215       42513                  121230       42818                                                  
43001 23   4427121215       42583                  121230       42583                                                  
43001 12   3523121215       42622                  121230       42927                                                  
43001 13   2958121215       42735                  121230       43040                                                  
43001 12   3885121215       42875                  121230       43180                                                  
43001 12   4396121215       42875                  121230       43180                                                  
43001 12   2040121215       42957                  121230       43262                                                  
43001 12   4597121215       43330                  121230       43635                                                  
43001 12   4370121215       43691                  121230       43996                                                  
43001 12   3175121215       44014                  121230       44319                                                  
43001 12   4527121215       44014                  121230       44319                                                  
43001 12   2471121215       44085                  121230       44390                                                  
43001 12   4100121215       44085                  121230       44390                                                  
43001 12   2326121215       44185                  121230       44490                                                  
43001 12   4666121215       44185                  121230       44490                                                  
43001 12   3864121215       44193                  121230       44498                                                  
43001 12   3223121215       44352                  121230       44657                                                  
43001 12   5067121215       44374                  121230       44679                                                  
43001 12   2420121215       44628                  121230       44933                                                  
43001 12   3189121215       44816                  121230       45121                                                  
43001 12   3892121215       44816                  121230       45121                                                  
43001 13   4501121215       45193                  121230       45498                                                  
43001 12   4406121215       46134                  121230       46439                                                  
43001 13   3975121215       46286                  121230       46591                                                  
43001 12   5576121215       46371                  121230       46676                                                  
43001 12   3730121215       47088                  121230       47393                                                  
43001 12   5772121215       47368                  121230       47673                                                  
43001 12   4455121215       47501                  121230       47756                                                  
43001 12   5774121215       47954                  121230       48259                                                  
43001 12   5918121215       48584                  121230       48889                                                  
43001 12   5113121215       48798                  121230       49103                                                  
43001 12   5616121215       48904                  121230       49209                                                  
43001 12   4944121215       48950                  121230       49255                                                  
43001 12   5201121215       48950                  121230       49255                                                  
43001 12   5066121215       49101                  121230       49406                                                  
43001 12   3119121215       50747                  121230       51052                                                  
43001 12   5370121215       51423                  121230       51728                                                  
43001 12   5842121215       51423                  121230       51728                                                  
43001  4   5683121215       52878                  121230       52878                                                  
43001  4   4228121215       53397                  121230       53397                                                  
43001 13   2025121215       42134                  121230       42439                                                  
43001  3   2025121215       11574                  121230       11574                                                  
43001  2   4529121215       11107                  121230       11107                                                  
43001  2   4529121215       11048                  121230       11048                                                  
43001  2   4529121215       10984                  121230       10984                                                  
43001  2   4529121215       10932                  121230       10932                                                  
43001  2   4529121215       10876                  121230       10876                                                  
43001 12   3976121215       55542                  121230       55847                                                  
43001123   4226121215       55586                  121230       55891                                                  
43001 12   3868121215       55781                  121230       56086                                                  
43001 12   5564121215       59586                  121230       59891                                                  
43001 12   4444121215       59987                  121230       60292                                                  
43001 12   5209121215       59987                  121230       60292                                                  
43001 12   3928121215       62219                  121230       62524                                                  
43001  4   2387121215       66729                  121230       66729                                                  
43001 14   4727121215       68178                  121230       68483                                                  
43001  4   2390121215       78817                  121230       78817                                                  
43001  4   4818121215       81315                  121230       81315                                                  
43001 14   3244121215       83378                  121230       83683                                                  
43001 14   5830121215       83378                  121230       83683                                                  
43001 14   2151121215       83897                  121230       84202                                                  
43001 14   4237121215       83897                  121230       84202                                                  
43001 14   5507121215       97886                  121230       98191                                                  
43001  4   4383121215       99593                  121230       99593                                                  
43001 14   4067121215      104317                  121230      104572                                                  
43001 14   3243121215      109317                  121230      109622                                                  
43001  4   2834121215      139952                  121230      139952                                                  
43001  4   6151121215      139952                  121230      139952                                                  
43001  2   2965121215       12294                  121230       12294                                                  
43001  2   2965121215       12213                  121230       12213                                                  
43001  2   2965121215       12132                  121230       12132                                                  
43001  2   2965121215       12058                  121230       12058                                                  
43001  2   2965121215       11969                  121230       11969                                                  
43001  2   2965121215       11890                  121230       11890                                                  
43001  2   2965121215       11806                  121230       11806                                                  
43001  2   2965121215       14073                  121230       14073                                                  
43001  2   2965121215       13978                  121230       13978                                                  
43001  2   2965121215       16126                  121230       16126                                                  
43001  2   2965121215       19064                  121230       19064                                                  
43001 14   4108121215      170452                  121230      170757                                                  
43001 14   4652121215      200161                  121230      200466                                                  
43001 14   3169121215      211661                  121230      212081                                                  
43001 14   3242121215      219256                  121230      219511                                                  
43001 14   2362121215      304985                  121230      305405                                                  
