143001  3   2724121230       17196
143001  2   5976121230       17454
143001  2   3695121230       20073
143001  2   4270121230       21506
143001  2   5925121230       24118
143001  3   3992121230       14888
143001  3   3992121230       14792
143001 12   3824121230       36631
143001 12   5785121230       36983
143001 12   3718121230       38946
143001 12   4404121230       39043
143001 12   4925121230       39043
143001  4   3917121230       38871
143001 12   5827121230       39480
143001 12   4786121230       39821
143001 12   5469121230       39995
143001 12   3065121230       39995
143001 12   3526121230       40052
143001 12   4976121230       40052
143001 12   2506121230       40168
